1	1	2	806.77	2/19/2019
2	2	16	641.97	6/19/2020
3	3	1	83.0	7/8/2020
4	4	66	186.87	9/5/2020
5	5	35	935.36	1/30/2019
6	6	44	177.14	12/31/2019
7	7	75	506.51	6/8/2019
8	8	77	562.35	6/7/2019
9	9	55	511.27	8/30/2021
10	10	23	866.17	9/9/2019
11	11	19	291.28	6/24/2021
12	12	91	956.48	12/29/2019
13	13	42	825.07	1/3/2019
14	14	16	327.65	1/30/2021
15	15	98	431.0	2/14/2021
16	16	88	862.22	8/12/2019
17	17	56	73.75	9/15/2019
18	18	53	767.1	12/8/2020
19	19	60	378.45	10/13/2020
20	20	7	126.48	7/7/2020
21	21	2	183.73	1/6/2021
22	22	63	372.63	3/25/2020
23	23	56	19.72	9/10/2020
24	24	39	331.12	9/21/2020
25	25	66	422.75	5/18/2020
26	26	66	844.12	10/26/2021
27	27	51	27.06	4/12/2019
28	28	4	489.44	9/9/2019
29	29	36	9.52	8/20/2020
30	30	79	750.27	2/26/2021
31	31	86	862.62	5/5/2019
32	32	35	125.72	2/18/2019
33	33	48	520.56	1/12/2021
34	34	82	294.9	8/29/2019
35	35	39	2.22	1/8/2021
36	36	3	845.24	12/24/2020
37	37	4	894.23	9/19/2020
38	38	8	829.86	4/13/2021
39	39	44	1.44	9/22/2021
40	40	5	896.63	9/4/2019
41	41	78	511.85	5/28/2019
42	42	10	572.03	9/27/2020
43	43	95	521.29	11/27/2019
44	44	1	943.11	7/3/2020
45	45	74	642.73	7/14/2019
46	46	28	93.62	9/10/2019
47	47	63	620.4	3/31/2021
48	48	37	808.92	5/28/2021
49	49	18	97.59	11/8/2021
50	50	25	906.06	6/29/2020
51	51	63	359.68	4/11/2020
52	52	15	827.18	5/7/2019
53	53	40	546.53	6/23/2020
54	54	73	646.99	2/1/2019
55	55	67	154.48	4/29/2021
56	56	8	886.57	9/22/2020
57	57	59	883.87	5/24/2021
58	58	81	455.23	5/18/2019
59	59	52	976.26	10/30/2019
60	60	67	889.74	11/28/2019
61	61	26	801.56	9/2/2020
62	62	1	766.72	5/4/2019
63	63	19	897.29	11/23/2020
64	64	28	774.62	1/5/2021
65	65	88	936.55	12/28/2019
66	66	43	361.88	3/24/2020
67	67	15	361.54	4/13/2021
68	68	94	754.59	11/15/2019
69	69	58	730.2	12/23/2020
70	70	25	315.48	4/5/2020
71	71	35	53.19	3/9/2020
72	72	30	473.81	7/12/2021
73	73	91	300.22	5/25/2019
74	74	56	644.35	2/27/2019
75	75	4	721.81	8/17/2019
76	76	54	706.32	3/3/2021
77	77	95	23.31	4/8/2020
78	78	54	181.85	2/22/2021
79	79	47	285.51	10/30/2019
80	80	75	504.2	5/24/2019
81	81	94	271.32	3/4/2019
82	82	93	696.99	11/24/2020
83	83	83	660.13	7/24/2021
84	84	15	202.19	5/12/2021
85	85	98	12.83	12/24/2021
86	86	84	873.4	11/8/2020
87	87	95	389.44	1/4/2020
88	88	78	878.94	4/16/2019
89	89	68	491.56	7/31/2021
90	90	66	506.4	1/24/2021
91	91	63	221.07	10/29/2020
92	92	27	890.92	11/19/2020
93	93	12	738.6	1/5/2019
94	94	36	867.77	8/22/2020
95	95	62	477.05	8/4/2019
96	96	92	613.64	1/19/2021
97	97	85	437.98	3/6/2019
98	98	21	597.84	5/4/2021
99	99	75	484.82	5/23/2019
100	100	57	592.08	6/29/2021
101	101	49	981.98	5/29/2019
102	102	13	330.03	6/21/2020
103	103	97	667.48	7/6/2019
104	104	77	831.73	3/28/2019
105	105	69	929.55	10/22/2021
106	106	44	296.68	5/16/2019
107	107	84	9.97	11/25/2019
108	108	63	61.31	10/6/2021
109	109	1	534.62	7/11/2019
110	110	5	941.0	2/12/2020
111	111	81	176.59	5/6/2021
112	112	98	574.22	10/31/2020
113	113	35	171.36	1/21/2021
114	114	66	103.69	5/21/2019
115	115	77	581.77	4/23/2020
116	116	58	490.64	4/30/2019
117	117	32	748.28	4/22/2019
118	118	67	145.21	5/4/2019
119	119	25	35.41	9/4/2020
120	120	13	276.03	6/20/2020
121	121	63	962.94	12/8/2020
122	122	81	662.79	2/10/2021
123	123	29	466.05	2/28/2021
124	124	72	65.19	11/28/2021
125	125	51	822.73	12/20/2019
126	126	74	20.46	12/1/2020
127	127	71	161.74	12/12/2020
128	128	2	600.66	7/1/2021
129	129	13	286.33	4/22/2021
130	130	93	149.98	3/20/2021
131	131	90	388.66	4/23/2021
132	132	3	693.32	1/6/2021
133	133	26	985.63	10/27/2019
134	134	6	680.61	12/10/2019
135	135	13	32.97	4/15/2019
136	136	17	77.73	5/11/2019
137	137	9	847.16	11/28/2019
138	138	47	200.72	12/7/2020
139	139	26	861.68	12/21/2019
140	140	3	818.89	11/28/2020
141	141	86	273.98	9/16/2021
142	142	42	866.31	3/19/2019
143	143	25	943.01	7/7/2020
144	144	51	491.08	1/29/2019
145	145	74	156.79	7/4/2021
146	146	45	864.48	10/15/2020
147	147	31	615.11	3/21/2021
148	148	55	154.57	2/29/2020
149	149	62	320.85	9/15/2019
150	150	7	810.02	11/2/2021
151	151	2	662.86	5/21/2021
152	152	57	556.84	3/22/2019
153	153	64	296.98	6/24/2019
154	154	3	822.97	1/7/2020
155	155	42	345.64	1/12/2020
156	156	61	578.86	11/9/2019
157	157	48	906.07	4/21/2020
158	158	76	116.5	5/7/2019
159	159	96	135.16	11/13/2019
160	160	74	926.23	1/4/2021
161	161	3	664.52	11/1/2019
162	162	95	147.85	10/24/2019
163	163	9	518.78	3/23/2019
164	164	91	932.6	8/31/2020
165	165	86	307.8	2/22/2020
166	166	88	441.96	2/12/2021
167	167	11	379.69	7/13/2021
168	168	34	706.9	10/18/2019
169	169	91	915.25	4/25/2021
170	170	37	916.91	1/10/2020
171	171	45	66.47	3/22/2019
172	172	74	633.07	1/6/2020
173	173	47	813.3	7/6/2021
174	174	20	107.58	9/20/2020
175	175	4	922.4	7/6/2019
176	176	4	544.35	9/24/2020
177	177	92	612.38	10/18/2020
178	178	23	487.34	5/1/2019
179	179	41	28.07	3/3/2021
180	180	93	45.2	6/13/2021
181	181	59	531.93	9/18/2020
182	182	87	187.75	3/20/2020
183	183	37	799.57	10/23/2020
184	184	52	479.02	6/29/2020
185	185	72	133.27	3/8/2019
186	186	36	190.56	6/18/2019
187	187	93	265.85	7/11/2020
188	188	91	437.11	11/29/2019
189	189	90	775.91	8/18/2020
190	190	93	500.88	4/24/2019
191	191	68	806.28	9/5/2020
192	192	25	483.64	5/15/2021
193	193	72	469.58	12/12/2020
194	194	1	169.07	7/31/2020
195	195	19	740.28	7/15/2021
196	196	49	250.24	11/1/2021
197	197	89	835.7	5/31/2021
198	198	93	562.24	12/18/2019
199	199	9	713.34	7/17/2019
200	200	19	556.52	4/27/2020
201	201	26	186.07	6/5/2019
202	202	99	413.41	2/12/2020
203	203	33	831.45	4/4/2019
204	204	65	302.14	10/28/2020
205	205	74	358.6	7/3/2020
206	206	81	636.82	8/4/2019
207	207	43	809.76	3/29/2020
208	208	22	667.74	8/22/2019
209	209	80	91.46	9/18/2021
210	210	79	991.47	4/27/2021
211	211	37	560.9	4/17/2021
212	212	45	578.5	3/11/2020
213	213	60	505.97	2/20/2021
214	214	64	350.23	5/14/2020
215	215	24	121.46	9/8/2021
216	216	65	891.43	6/27/2020
217	217	48	548.58	7/6/2021
218	218	15	175.11	8/12/2019
219	219	56	821.91	7/16/2021
220	220	19	128.07	6/9/2019
221	221	22	875.98	1/10/2020
222	222	56	265.16	12/10/2020
223	223	38	577.79	7/29/2019
224	224	24	503.63	8/13/2021
225	225	10	350.61	1/18/2021
226	226	58	553.54	4/13/2021
227	227	24	572.13	5/7/2020
228	228	29	887.36	8/21/2019
229	229	48	114.44	5/9/2020
230	230	41	5.81	11/17/2021
231	231	16	499.5	9/2/2019
232	232	80	276.47	12/9/2021
233	233	77	989.22	5/26/2020
234	234	30	244.69	11/6/2020
235	235	29	673.61	8/5/2021
236	236	65	155.15	10/20/2021
237	237	89	866.73	5/18/2020
238	238	66	452.34	9/22/2019
239	239	9	857.72	12/13/2020
240	240	74	498.99	12/15/2021
241	241	67	252.57	11/12/2020
242	242	58	964.62	11/16/2020
243	243	25	488.14	2/7/2020
244	244	60	345.66	4/5/2020
245	245	48	416.81	6/3/2021
246	246	76	21.73	5/29/2020
247	247	43	616.5	8/20/2019
248	248	50	596.12	11/25/2019
249	249	59	155.87	4/23/2021
250	250	39	553.67	12/8/2021
251	251	5	372.15	6/4/2021
252	252	58	628.7	9/27/2020
253	253	23	550.19	10/31/2020
254	254	19	669.28	2/14/2020
255	255	84	947.89	6/11/2021
256	256	99	151.91	6/4/2019
257	257	37	257.83	8/30/2019
258	258	86	57.21	8/3/2021
259	259	28	810.01	12/4/2020
260	260	18	511.68	9/4/2019
261	261	98	213.97	3/22/2020
262	262	12	734.89	8/28/2019
263	263	94	205.4	2/26/2021
264	264	36	201.75	1/22/2019
265	265	36	479.85	9/26/2021
266	266	82	909.28	2/22/2019
267	267	45	799.28	8/20/2020
268	268	75	987.71	3/31/2020
269	269	40	997.23	12/7/2019
270	270	42	894.11	8/28/2021
271	271	21	27.27	3/29/2021
272	272	65	570.59	1/11/2019
273	273	52	322.15	6/8/2020
274	274	54	276.71	9/10/2020
275	275	3	431.12	10/20/2019
276	276	68	356.84	5/13/2019
277	277	39	894.33	8/16/2019
278	278	70	152.89	9/16/2021
279	279	79	847.44	5/13/2020
280	280	57	470.11	11/21/2019
281	281	14	586.03	7/16/2019
282	282	27	455.26	12/14/2020
283	283	64	265.33	1/23/2019
284	284	79	809.81	10/25/2019
285	285	72	42.73	1/16/2021
286	286	44	736.19	2/11/2019
287	287	59	38.28	11/4/2020
288	288	59	28.17	5/20/2020
289	289	73	306.81	9/20/2021
290	290	71	778.12	5/21/2021
291	291	85	453.17	3/28/2019
292	292	36	623.62	10/9/2020
293	293	18	140.05	6/6/2020
294	294	27	936.63	3/17/2020
295	295	6	866.75	5/17/2021
296	296	17	505.57	5/15/2021
297	297	3	738.77	9/26/2019
298	298	29	441.79	1/13/2020
299	299	51	824.08	8/22/2021
300	300	77	125.7	9/1/2019
301	301	57	503.71	5/20/2019
302	302	5	766.81	10/3/2021
303	303	64	433.15	7/20/2020
304	304	40	714.23	11/5/2020
305	305	93	649.61	5/25/2020
306	306	85	327.0	1/10/2019
307	307	95	741.95	10/12/2020
308	308	10	690.14	9/2/2020
309	309	93	683.33	6/23/2019
310	310	86	294.29	10/18/2020
311	311	24	289.32	1/3/2021
312	312	11	437.46	6/12/2020
313	313	8	128.09	11/29/2020
314	314	54	221.13	5/23/2019
315	315	2	378.22	4/10/2020
316	316	20	844.22	10/6/2020
317	317	67	4.92	6/3/2020
318	318	95	98.01	4/5/2019
319	319	55	698.7	9/22/2019
320	320	53	41.98	4/12/2021
321	321	20	602.76	1/1/2021
322	322	33	340.64	11/2/2021
323	323	10	979.59	11/18/2021
324	324	92	228.55	2/3/2019
325	325	68	680.77	2/18/2019
326	326	11	647.85	7/12/2019
327	327	83	474.77	7/13/2019
328	328	17	601.24	1/26/2019
329	329	86	306.73	1/23/2021
330	330	30	476.56	2/12/2020
331	331	59	344.35	3/14/2019
332	332	80	657.54	5/21/2019
333	333	30	739.48	9/30/2020
334	334	63	194.38	8/27/2020
335	335	7	955.72	5/11/2020
336	336	75	826.36	12/22/2020
337	337	35	823.55	6/22/2021
338	338	63	236.8	3/16/2019
339	339	9	804.09	6/21/2019
340	340	49	867.99	2/8/2021
341	341	4	718.78	9/11/2020
342	342	95	484.06	8/22/2020
343	343	37	665.52	4/3/2019
344	344	40	251.88	4/7/2021
345	345	92	236.33	7/10/2020
346	346	75	809.23	11/20/2020
347	347	58	566.14	12/24/2019
348	348	20	252.37	8/9/2021
349	349	21	950.05	2/10/2021
350	350	78	647.62	2/27/2021
351	351	31	44.81	9/1/2019
352	352	9	116.27	10/2/2021
353	353	4	473.12	12/6/2021
354	354	40	88.52	1/1/2021
355	355	74	267.92	8/3/2021
356	356	34	275.24	5/2/2021
357	357	46	58.91	12/1/2019
358	358	75	355.02	11/26/2019
359	359	86	973.22	11/6/2019
360	360	63	80.56	5/3/2021
361	361	46	778.31	10/28/2021
362	362	79	527.92	2/25/2020
363	363	52	723.02	11/28/2021
364	364	28	871.56	10/29/2019
365	365	86	315.53	10/26/2020
366	366	12	495.98	11/28/2019
367	367	67	483.79	8/13/2021
368	368	46	762.15	11/26/2020
369	369	91	568.69	3/26/2020
370	370	84	621.79	4/30/2021
371	371	15	680.92	2/22/2019
372	372	81	865.43	6/21/2021
373	373	69	97.77	5/26/2019
374	374	18	510.7	10/18/2021
375	375	67	368.09	8/12/2021
376	376	32	883.27	8/17/2020
377	377	100	962.36	1/20/2021
378	378	90	492.76	5/28/2020
379	379	62	923.71	12/11/2021
380	380	82	598.84	1/19/2021
381	381	70	513.59	8/31/2020
382	382	12	637.49	9/13/2020
383	383	43	369.51	5/13/2019
384	384	58	451.03	10/19/2019
385	385	34	822.9	11/14/2021
386	386	50	695.64	4/27/2021
387	387	35	774.21	5/28/2020
388	388	15	919.64	1/27/2020
389	389	61	376.0	6/18/2019
390	390	5	10.81	10/26/2019
391	391	77	433.92	7/4/2020
392	392	47	453.08	5/28/2021
393	393	85	828.58	5/29/2021
394	394	97	606.77	1/3/2021
395	395	49	502.24	5/25/2021
396	396	79	646.31	7/22/2020
397	397	36	982.9	10/1/2019
398	398	49	984.44	10/10/2020
399	399	20	373.14	10/31/2020
400	400	18	508.67	2/11/2020
401	401	31	303.71	3/14/2020
402	402	36	939.68	11/1/2019
403	403	59	504.64	12/25/2021
404	404	68	458.04	11/4/2019
405	405	79	376.88	11/5/2019
406	406	46	470.88	1/21/2020
407	407	5	978.41	4/12/2021
408	408	24	233.97	4/2/2019
409	409	13	989.31	12/15/2019
410	410	51	891.8	12/7/2020
411	411	93	582.73	3/17/2020
412	412	63	178.33	7/8/2020
413	413	97	514.94	6/29/2020
414	414	45	785.33	1/14/2019
415	415	15	318.99	11/17/2019
416	416	97	669.52	12/9/2019
417	417	80	233.07	12/11/2021
418	418	33	789.22	11/21/2019
419	419	18	618.49	3/31/2020
420	420	89	177.32	6/28/2020
421	421	37	27.48	2/9/2020
422	422	31	72.46	10/18/2021
423	423	17	238.97	11/3/2021
424	424	30	962.27	2/18/2021
425	425	7	193.54	9/19/2019
426	426	96	958.63	3/25/2021
427	427	42	649.83	9/19/2021
428	428	33	564.18	1/13/2019
429	429	80	516.25	6/30/2021
430	430	91	147.96	5/4/2021
431	431	48	721.7	10/22/2021
432	432	81	871.61	3/29/2020
433	433	61	498.83	9/7/2020
434	434	68	806.47	1/15/2019
435	435	47	372.4	3/15/2019
436	436	33	795.17	5/5/2019
437	437	97	447.0	3/17/2019
438	438	34	167.88	2/9/2021
439	439	45	161.91	2/8/2021
440	440	30	551.93	1/11/2021
441	441	56	669.61	7/4/2020
442	442	18	815.05	12/16/2020
443	443	78	291.61	4/25/2020
444	444	82	546.8	2/5/2019
445	445	75	118.4	12/19/2019
446	446	69	854.82	6/20/2021
447	447	91	646.81	2/2/2020
448	448	38	469.47	2/20/2020
449	449	16	934.73	5/19/2019
450	450	32	651.97	1/22/2021
451	451	87	766.99	2/25/2021
452	452	15	950.69	5/3/2019
453	453	44	883.85	9/10/2021
454	454	69	513.55	4/30/2020
455	455	78	669.09	9/18/2021
456	456	79	749.34	4/17/2021
457	457	23	282.72	2/16/2021
458	458	3	645.62	6/26/2019
459	459	11	543.81	8/23/2020
460	460	14	152.04	5/23/2019
461	461	58	693.5	12/18/2021
462	462	16	324.76	7/5/2021
463	463	98	496.14	2/23/2019
464	464	100	124.4	2/22/2021
465	465	68	337.77	3/7/2021
466	466	71	75.28	4/22/2020
467	467	88	79.56	5/4/2021
468	468	19	175.08	6/25/2019
469	469	80	171.81	7/28/2021
470	470	98	451.06	7/22/2021
471	471	34	970.03	7/9/2019
472	472	45	891.98	8/25/2020
473	473	12	561.21	3/4/2019
474	474	3	189.36	6/27/2020
475	475	56	410.16	11/14/2019
476	476	23	875.23	1/6/2020
477	477	85	830.25	5/3/2019
478	478	76	417.35	6/25/2021
479	479	7	964.7	2/15/2021
480	480	83	239.05	12/7/2021
481	481	16	923.04	5/5/2019
482	482	56	83.66	7/23/2021
483	483	79	432.34	10/3/2020
484	484	18	352.53	5/22/2021
485	485	90	528.65	4/19/2019
486	486	34	626.01	4/12/2021
487	487	53	717.64	9/9/2020
488	488	53	526.66	4/1/2021
489	489	70	955.67	10/2/2019
490	490	21	402.87	6/1/2021
491	491	52	684.39	10/19/2019
492	492	23	924.17	4/16/2020
493	493	94	902.31	2/22/2020
494	494	93	31.7	2/22/2021
495	495	71	936.46	4/5/2021
496	496	22	582.26	3/28/2019
497	497	61	61.69	7/22/2020
498	498	31	692.0	10/6/2020
499	499	61	327.02	12/29/2021
500	500	8	659.98	2/17/2019
501	501	94	643.01	8/1/2021
502	502	42	535.2	1/27/2019
503	503	51	492.04	4/17/2020
504	504	54	133.69	4/25/2019
505	505	15	570.69	9/1/2019
506	506	61	549.55	2/16/2019
507	507	1	425.35	7/16/2019
508	508	93	83.16	6/9/2021
509	509	56	99.6	5/18/2021
510	510	39	691.52	9/11/2019
511	511	24	376.41	7/1/2020
512	512	70	79.31	12/28/2019
513	513	98	516.94	11/21/2021
514	514	15	163.1	8/20/2021
515	515	55	217.16	4/6/2020
516	516	99	154.86	2/4/2020
517	517	96	377.0	5/10/2020
518	518	71	976.48	2/4/2019
519	519	95	276.13	5/18/2020
520	520	75	816.13	8/15/2020
521	521	87	490.92	12/13/2021
522	522	88	438.71	4/21/2020
523	523	66	655.13	2/3/2020
524	524	12	605.83	4/20/2021
525	525	99	913.83	7/26/2020
526	526	48	663.09	1/10/2021
527	527	72	632.4	4/7/2020
528	528	53	384.82	8/10/2021
529	529	45	117.46	5/23/2021
530	530	23	425.77	8/27/2019
531	531	93	135.98	8/20/2020
532	532	82	663.66	8/19/2020
533	533	59	24.82	6/13/2021
534	534	78	235.67	12/3/2019
535	535	93	23.19	8/13/2019
536	536	78	982.76	4/7/2019
537	537	78	535.4	2/26/2019
538	538	49	624.3	9/11/2019
539	539	47	370.17	7/11/2021
540	540	35	634.88	3/19/2021
541	541	42	148.63	10/31/2019
542	542	69	217.74	8/3/2021
543	543	8	391.98	12/8/2019
544	544	56	55.68	10/12/2020
545	545	29	356.7	7/23/2020
546	546	14	330.23	3/16/2020
547	547	19	345.8	5/19/2021
548	548	90	146.18	12/16/2020
549	549	48	931.38	9/13/2021
550	550	4	448.73	3/30/2019
551	551	96	428.87	4/13/2019
552	552	39	398.46	12/22/2021
553	553	94	763.88	9/29/2019
554	554	26	721.7	4/4/2020
555	555	5	24.96	5/4/2020
556	556	1	206.39	1/11/2020
557	557	16	815.58	6/27/2020
558	558	50	708.44	3/31/2019
559	559	90	940.34	12/22/2019
560	560	82	277.17	4/6/2020
561	561	32	993.39	6/22/2019
562	562	8	702.21	1/31/2020
563	563	6	75.67	7/12/2020
564	564	85	137.57	11/26/2020
565	565	83	931.5	10/12/2021
566	566	6	734.37	10/6/2019
567	567	55	175.41	9/14/2019
568	568	11	347.34	1/23/2019
569	569	10	895.92	3/26/2021
570	570	84	172.93	7/15/2020
571	571	49	553.55	2/19/2019
572	572	46	53.69	7/21/2019
573	573	72	663.74	3/31/2020
574	574	42	437.11	8/26/2019
575	575	62	529.3	6/6/2019
576	576	68	182.72	7/28/2020
577	577	62	470.24	11/25/2020
578	578	67	583.76	6/2/2020
579	579	1	524.69	8/10/2019
580	580	5	22.17	6/7/2020
581	581	70	638.72	4/27/2020
582	582	73	622.05	4/29/2020
583	583	65	693.7	7/20/2021
584	584	54	93.14	8/24/2019
585	585	100	940.09	2/10/2019
586	586	52	104.85	6/1/2020
587	587	52	991.0	11/4/2020
588	588	84	709.19	4/4/2021
589	589	89	135.35	4/5/2020
590	590	87	59.76	6/25/2019
591	591	56	94.89	1/22/2020
592	592	60	400.14	1/16/2021
593	593	58	86.27	11/23/2021
594	594	71	133.58	2/16/2020
595	595	98	447.43	8/15/2020
596	596	29	307.68	4/30/2021
597	597	96	29.81	3/5/2019
598	598	33	784.29	3/18/2019
599	599	16	422.41	7/29/2020
600	600	24	381.15	4/7/2020
601	601	91	13.46	4/18/2020
602	602	19	997.93	10/28/2020
603	603	67	803.18	11/4/2021
604	604	39	462.86	2/7/2020
605	605	50	213.64	1/15/2020
606	606	80	471.88	10/13/2021
607	607	81	518.23	10/7/2021
608	608	87	174.43	7/17/2019
609	609	83	121.6	6/3/2020
610	610	65	733.3	5/25/2019
611	611	42	645.13	9/18/2019
612	612	88	598.1	3/1/2019
613	613	76	700.82	6/4/2020
614	614	65	956.15	10/12/2021
615	615	48	188.4	2/4/2021
616	616	10	469.89	3/6/2019
617	617	11	499.06	2/14/2019
618	618	87	606.6	11/20/2019
619	619	100	665.7	6/22/2019
620	620	15	372.16	4/7/2021
621	621	97	124.95	12/25/2021
622	622	50	729.65	4/7/2020
623	623	39	605.43	3/15/2021
624	624	41	366.58	8/27/2020
625	625	57	405.52	1/12/2020
626	626	12	807.75	6/9/2019
627	627	22	281.18	5/13/2020
628	628	47	704.2	6/5/2020
629	629	39	782.36	1/5/2020
630	630	91	339.54	5/21/2021
631	631	7	728.04	7/17/2019
632	632	42	373.05	9/21/2020
633	633	20	752.17	4/23/2019
634	634	5	690.67	6/10/2020
635	635	10	511.63	10/30/2019
636	636	9	465.12	6/30/2020
637	637	21	401.15	1/25/2020
638	638	66	20.26	3/3/2019
639	639	23	530.61	3/18/2020
640	640	38	584.84	1/2/2020
641	641	92	896.02	11/29/2021
642	642	50	812.86	5/5/2020
643	643	85	514.47	1/12/2020
644	644	22	267.25	7/25/2020
645	645	36	780.41	9/30/2019
646	646	18	694.44	5/20/2019
647	647	5	71.12	5/19/2020
648	648	53	802.92	1/26/2021
649	649	13	846.27	4/12/2019
650	650	82	483.15	9/28/2020
651	651	12	932.81	5/21/2020
652	652	79	983.58	3/18/2020
653	653	39	805.96	8/10/2020
654	654	68	907.48	11/19/2021
655	655	20	922.43	1/4/2021
656	656	25	253.83	10/16/2019
657	657	78	933.83	6/1/2019
658	658	64	39.68	6/3/2021
659	659	33	852.58	12/21/2020
660	660	85	882.15	9/29/2021
661	661	8	348.53	5/12/2021
662	662	68	657.53	5/6/2020
663	663	1	378.02	9/2/2020
664	664	19	352.01	9/19/2021
665	665	2	206.4	12/15/2020
666	666	5	823.64	1/30/2020
667	667	81	445.76	12/13/2020
668	668	58	844.18	5/4/2019
669	669	55	628.13	2/2/2021
670	670	68	868.42	2/20/2020
671	671	70	730.14	10/12/2020
672	672	47	908.81	6/17/2021
673	673	40	965.8	7/19/2021
674	674	88	938.31	2/9/2021
675	675	16	47.89	5/13/2021
676	676	28	1.3	7/16/2020
677	677	18	389.19	7/22/2019
678	678	85	780.52	11/10/2019
679	679	96	604.77	5/19/2021
680	680	37	52.64	11/30/2021
681	681	52	526.47	11/18/2020
682	682	72	96.29	1/1/2019
683	683	40	891.44	5/20/2019
684	684	43	409.48	4/14/2020
685	685	27	771.4	2/5/2020
686	686	65	139.13	3/12/2019
687	687	61	479.84	5/24/2021
688	688	71	831.77	4/9/2021
689	689	51	737.01	7/13/2019
690	690	24	564.97	12/6/2021
691	691	80	441.82	9/11/2021
692	692	66	748.64	8/19/2020
693	693	47	350.0	11/13/2019
694	694	70	342.4	4/1/2021
695	695	75	148.25	11/11/2020
696	696	67	99.7	6/2/2020
697	697	40	931.97	12/19/2019
698	698	68	525.29	8/22/2020
699	699	52	593.29	11/29/2021
700	700	41	326.15	9/23/2020
701	701	64	815.75	11/18/2020
702	702	33	862.52	1/29/2020
703	703	43	369.39	12/17/2019
704	704	96	654.63	11/20/2019
705	705	53	287.22	1/6/2021
706	706	55	900.16	12/11/2019
707	707	80	333.7	10/22/2019
708	708	94	404.53	4/19/2021
709	709	4	79.24	5/1/2020
710	710	50	900.42	7/18/2021
711	711	64	949.32	7/5/2021
712	712	20	923.36	11/10/2019
713	713	26	539.73	1/24/2020
714	714	83	524.49	9/6/2021
715	715	62	878.37	6/10/2019
716	716	32	278.62	2/15/2020
717	717	95	663.98	5/4/2020
718	718	14	894.53	9/12/2019
719	719	28	71.02	1/15/2020
720	720	19	499.38	9/21/2020
721	721	26	880.23	9/3/2021
722	722	67	506.43	4/17/2021
723	723	79	8.11	5/2/2021
724	724	42	606.52	4/22/2019
725	725	33	91.92	6/25/2019
726	726	18	138.44	7/9/2019
727	727	90	632.56	4/14/2020
728	728	44	376.16	4/1/2021
729	729	22	959.19	4/7/2021
730	730	21	586.77	8/16/2020
731	731	90	587.08	5/22/2021
732	732	18	301.48	3/6/2020
733	733	92	188.14	6/18/2020
734	734	73	903.94	2/13/2020
735	735	78	90.81	4/2/2020
736	736	92	288.58	11/12/2021
737	737	95	467.26	6/19/2021
738	738	12	514.22	3/1/2020
739	739	24	534.66	6/16/2021
740	740	73	524.61	9/9/2021
741	741	69	850.37	9/30/2020
742	742	54	493.35	10/6/2019
743	743	17	715.07	12/23/2021
744	744	9	101.48	9/4/2020
745	745	36	24.62	4/4/2021
746	746	5	451.51	7/12/2019
747	747	19	245.73	8/15/2021
748	748	34	105.98	11/25/2019
749	749	35	666.54	12/14/2020
750	750	54	253.44	2/20/2021
751	751	88	95.81	10/6/2020
752	752	62	885.58	12/14/2021
753	753	39	996.75	8/18/2020
754	754	56	361.88	5/3/2021
755	755	10	99.36	2/17/2021
756	756	45	916.0	11/22/2021
757	757	64	555.55	12/11/2019
758	758	58	282.53	11/16/2020
759	759	38	813.92	8/2/2019
760	760	16	531.8	3/13/2020
761	761	14	322.62	7/10/2019
762	762	2	287.99	2/10/2020
763	763	13	736.53	6/3/2021
764	764	96	114.82	11/12/2020
765	765	44	250.58	6/18/2019
766	766	63	928.71	8/1/2019
767	767	80	28.85	3/5/2020
768	768	69	264.67	10/14/2020
769	769	79	650.76	11/1/2021
770	770	3	552.89	12/7/2019
771	771	53	517.18	8/2/2019
772	772	3	363.6	10/3/2019
773	773	30	552.39	9/8/2021
774	774	93	758.97	3/5/2019
775	775	89	155.78	1/9/2020
776	776	88	936.31	12/26/2020
777	777	61	262.9	1/13/2021
778	778	19	608.93	9/23/2021
779	779	94	712.9	12/19/2019
780	780	31	524.0	1/12/2021
781	781	40	584.77	3/8/2020
782	782	56	684.82	6/4/2020
783	783	50	516.71	6/24/2021
784	784	38	589.8	5/17/2021
785	785	2	878.4	9/10/2019
786	786	19	707.53	9/8/2021
787	787	11	341.99	8/22/2021
788	788	34	503.45	5/19/2021
789	789	75	783.07	6/23/2019
790	790	33	651.81	9/23/2019
791	791	84	401.39	2/7/2021
792	792	65	453.45	4/7/2019
793	793	49	320.05	2/1/2020
794	794	55	948.83	10/17/2020
795	795	18	808.44	10/14/2019
796	796	29	739.11	12/7/2019
797	797	6	241.14	3/6/2021
798	798	31	140.77	8/28/2019
799	799	71	460.36	9/5/2021
800	800	65	475.82	1/11/2021
801	801	65	338.73	4/30/2019
802	802	78	674.39	5/27/2020
803	803	66	585.55	2/1/2021
804	804	56	298.45	9/30/2020
805	805	14	42.67	8/13/2019
806	806	31	389.52	7/5/2020
807	807	57	71.81	7/16/2020
808	808	54	974.09	12/4/2020
809	809	74	8.24	10/3/2020
810	810	97	248.21	5/6/2020
811	811	24	315.73	6/8/2019
812	812	15	19.06	8/13/2021
813	813	1	228.55	10/1/2019
814	814	75	616.05	2/20/2019
815	815	5	263.97	3/3/2019
816	816	85	116.21	5/5/2021
817	817	95	569.44	5/24/2021
818	818	87	700.35	12/2/2020
819	819	67	866.52	4/12/2021
820	820	55	287.19	9/25/2021
821	821	98	540.45	3/8/2019
822	822	23	794.85	11/6/2020
823	823	60	945.18	9/15/2020
824	824	68	830.81	2/5/2019
825	825	85	657.96	7/11/2021
826	826	87	93.24	12/6/2021
827	827	30	859.96	2/21/2020
828	828	35	68.34	5/21/2020
829	829	17	213.41	9/12/2020
830	830	30	169.15	4/15/2019
831	831	61	351.93	1/16/2020
832	832	10	358.32	2/16/2020
833	833	56	400.66	4/28/2021
834	834	22	760.71	10/28/2021
835	835	58	135.01	10/15/2019
836	836	56	196.91	11/19/2019
837	837	90	941.31	9/7/2019
838	838	87	168.05	12/11/2020
839	839	63	304.58	2/23/2020
840	840	84	388.65	9/4/2021
841	841	39	988.7	6/26/2019
842	842	15	89.82	5/4/2021
843	843	55	123.72	11/16/2021
844	844	35	263.27	11/3/2021
845	845	89	379.69	7/30/2021
846	846	60	766.97	5/21/2021
847	847	14	425.2	4/9/2020
848	848	37	86.15	1/12/2020
849	849	63	886.78	9/23/2019
850	850	37	294.37	4/21/2021
851	851	20	623.53	6/20/2020
852	852	31	673.7	11/4/2019
853	853	37	797.84	12/3/2019
854	854	25	122.04	5/3/2020
855	855	13	899.61	3/31/2021
856	856	29	768.0	7/3/2020
857	857	77	508.51	2/21/2021
858	858	39	556.39	5/7/2019
859	859	59	515.41	2/27/2021
860	860	34	750.03	12/5/2021
861	861	12	953.04	9/14/2021
862	862	52	917.92	7/13/2019
863	863	39	827.66	9/23/2020
864	864	4	190.55	8/26/2020
865	865	22	185.44	4/2/2021
866	866	50	127.76	11/18/2021
867	867	46	340.72	1/23/2021
868	868	27	825.66	9/2/2019
869	869	18	901.4	7/8/2019
870	870	5	51.43	2/10/2020
871	871	42	521.97	7/30/2021
872	872	31	790.45	9/30/2019
873	873	68	100.34	1/27/2020
874	874	8	337.72	1/8/2019
875	875	49	684.96	10/22/2019
876	876	65	806.36	12/13/2020
877	877	76	858.94	5/16/2021
878	878	78	272.93	1/3/2021
879	879	51	102.03	11/6/2020
880	880	7	359.63	8/9/2019
881	881	93	96.91	2/23/2019
882	882	3	90.61	8/7/2019
883	883	72	774.34	4/29/2020
884	884	76	545.52	11/22/2021
885	885	14	206.21	3/1/2021
886	886	42	935.5	6/27/2021
887	887	16	690.2	10/18/2020
888	888	48	341.96	4/23/2019
889	889	100	832.92	5/21/2019
890	890	1	26.78	4/13/2021
891	891	87	373.97	10/13/2019
892	892	47	863.7	6/25/2020
893	893	90	860.08	8/15/2021
894	894	58	778.4	9/3/2020
895	895	28	874.46	1/20/2020
896	896	86	681.47	1/18/2021
897	897	63	369.45	1/14/2021
898	898	21	821.22	8/7/2021
899	899	82	357.36	7/23/2021
900	900	15	445.7	6/20/2021
901	901	12	397.57	3/30/2021
902	902	38	400.08	11/28/2021
903	903	50	861.84	12/17/2020
904	904	73	294.39	4/21/2021
905	905	37	774.83	8/29/2021
906	906	49	821.54	10/11/2020
907	907	63	535.77	11/14/2019
908	908	17	410.3	1/8/2019
909	909	2	283.91	6/7/2021
910	910	45	41.9	4/22/2019
911	911	23	823.13	5/8/2021
912	912	23	186.94	12/6/2021
913	913	30	923.46	11/9/2020
914	914	71	408.58	2/28/2021
915	915	71	45.58	7/5/2019
916	916	34	131.85	12/17/2021
917	917	31	539.47	5/25/2020
918	918	26	200.96	11/25/2020
919	919	70	699.55	6/25/2020
920	920	34	493.83	10/17/2020
921	921	37	312.59	5/23/2021
922	922	8	12.64	3/18/2021
923	923	38	173.46	10/8/2020
924	924	56	910.88	8/5/2020
925	925	20	299.64	9/24/2020
926	926	36	24.64	7/12/2020
927	927	54	468.51	6/25/2021
928	928	11	965.39	3/12/2019
929	929	39	55.17	3/6/2019
930	930	73	966.46	10/5/2021
931	931	82	661.84	8/16/2019
932	932	54	537.23	3/27/2019
933	933	100	293.55	9/15/2021
934	934	23	222.64	8/9/2020
935	935	80	400.46	12/28/2021
936	936	10	129.33	2/25/2021
937	937	51	94.69	9/7/2020
938	938	57	474.82	10/10/2021
939	939	90	413.38	12/27/2020
940	940	79	91.92	11/8/2021
941	941	34	803.86	2/23/2019
942	942	88	885.16	5/10/2020
943	943	35	751.74	12/25/2019
944	944	88	411.13	8/9/2020
945	945	40	264.32	10/21/2021
946	946	12	262.35	9/8/2021
947	947	53	895.95	2/22/2020
948	948	60	122.01	6/10/2020
949	949	5	805.68	7/30/2020
950	950	15	563.24	4/7/2021
951	951	40	728.21	10/22/2021
952	952	59	632.52	2/27/2020
953	953	15	603.98	12/25/2021
954	954	16	612.55	10/14/2020
955	955	88	170.21	2/7/2021
956	956	62	976.83	7/4/2019
957	957	86	929.3	9/10/2021
958	958	99	776.4	11/8/2019
959	959	99	937.45	4/5/2021
960	960	67	844.01	11/12/2021
961	961	27	635.53	4/1/2019
962	962	87	352.55	6/11/2019
963	963	33	715.57	10/30/2019
964	964	42	819.04	2/28/2021
965	965	97	444.79	1/21/2019
966	966	71	631.61	8/4/2021
967	967	5	534.4	1/16/2020
968	968	48	131.35	5/31/2019
969	969	18	218.33	8/9/2021
970	970	41	570.57	5/3/2021
971	971	16	829.27	5/15/2021
972	972	49	485.52	6/11/2021
973	973	70	983.3	4/2/2020
974	974	53	572.44	11/17/2019
975	975	51	420.56	12/13/2020
976	976	64	357.99	6/14/2020
977	977	68	864.08	3/4/2020
978	978	24	450.1	4/3/2021
979	979	82	926.69	2/6/2020
980	980	29	90.17	5/27/2019
981	981	69	267.8	2/15/2019
982	982	32	865.94	9/3/2021
983	983	19	615.03	5/14/2019
984	984	2	80.22	11/27/2019
985	985	24	643.06	9/27/2021
986	986	69	425.83	10/27/2020
987	987	10	547.99	6/17/2019
988	988	85	484.36	11/11/2019
989	989	22	198.77	10/2/2021
990	990	47	454.02	4/14/2021
991	991	85	437.11	4/29/2019
992	992	20	324.52	7/20/2021
993	993	78	235.94	11/23/2020
994	994	85	600.55	4/24/2019
995	995	95	138.33	12/23/2020
996	996	93	789.53	5/2/2019
997	997	78	597.1	2/14/2020
998	998	71	692.98	3/22/2019
999	999	57	767.09	12/11/2019
1000	1000	77	521.54	10/8/2019